0.544176092682
0.280103243931
2.26694463303
0.738642650686
0.652334368158
1.81263038799
0.695367314729
2.27810445198
1.77368657365
2.21689886865
0.651475443203
0.852353014003
0.84101886716
1.00654157514
0.550652931072
0.908750761898
0.613592431665
0.638732088405
1.54470610577
0.615054910961
0.474765872376
0.721277041815
0.465232166657
0.664670900788
0.853316678566
0.585636633363
0.392304412733
0.765600689559
0.799567065106
0.590455373703
1.06273783732
0.268437672429
0.992873308183
2.03027551077
0.719758719767
1.44840654757
0.40703230706
2.02311787481
0.735718889356
0.419089498136
0.658025844591
0.664459944745
0.691145211312
0.556880695929
0.443731621832
1.7948455748
1.04391182793
0.375800492307
0.384923539052
1.8193730974
0.617272292414
2.36681224831
0.286553537125
1.39692369409
0.321810492484
1.65115743345
0.572553144842
1.11423829319
0.884465106029
0.638191044139
0.665023388032
2.35634092746
0.527569668486
0.417727322298
0.487374849463
0.818498272941
0.779047062979
0.627968548947
0.67633969894
0.894947779753
1.82355128015
0.635184407026
1.83515093716
0.59236144999
0.986638205688
0.694024788142
0.633576714649
0.572311528823
0.670643208353
0.636223135219
0.526014335659
0.693309460368
0.711222649603
0.626144599995
1.89721108703
0.641037722998
0.553675956
0.864283775562
0.395436854724
0.496820925416
2.2490284816
0.390508702663
0.785000612053
0.565407927176
0.936492288836
2.28431610125
0.525158243387
1.95988413499
0.626362455028
2.00293358851
