-0.814784
-1.37355
-1.26215
-0.540198
-1.46107
-0.607505
-0.948155
3.58533
-0.706725
-1.29073
-0.452344
-1.19636
-0.946503
-0.889726
-1.15729
-1.46103
-1.10311
-0.714758
-1.39128
-0.955014
-0.732525
-0.779727
-1.16604
-1.40597
-1.5383
-1.18515
-1.40131
-1.63398
-0.861511
-0.858826
0.22337
-1.15529
-0.309828
-1.06926
-1.04542
-1.42004
-0.838488
-1.32968
-1.29305
-0.890109
-0.840535
-0.91916
-1.41599
-1.12886
-1.28401
-0.79823
-0.841815
-0.596841
4.37275
-1.34622
-1.03582
-1.65806
2.54687
-1.14453
-1.17878
-1.41919
-0.942438
-0.803236
-1.26239
-1.14527
-1.14139
-1.06938
1.0668
-0.936717
-1.62805
-0.900564
-1.39578
-0.523086
-1.6167
-1.21961
-0.899672
-0.765316
-1.63327
-0.533489
-1.36678
-1.11781
-0.679003
0.019866
-1.06232
-0.434941
-1.34953
-1.42423
-1.63253
-1.13901
-1.19437
-1.01598
-0.783327
-1.45311
-1.16104
-1.38235
-0.836567
-0.105531
-0.669141
-0.689504
-0.792708
-1.32172
-1.07153
-0.575638
1.99
-0.997498
