5.86326
5.92583
3.5897
1.59203
1.44295
1.70298
1.07555
1.26654
0.0453639
-0.37359
0.0591721
0.323486
0.351389
0.231659
-1.34196
0.576812
-0.532717
-0.644221
-1.45184
-1.45429
-1.23219
-1.0621
-2.56549
-1.19218
-0.423661
-1.30546
-0.880966
-1.07497
-2.2892
-0.791518
-1.40652
-0.812661
-2.53052
0.0524874
-0.913197
-1.7907
-0.668142
-1.89331
-1.81534
-1.81992
-1.30118
-0.344475
-0.788086
-1.26192
-0.701622
-1.22584
-1.37531
-0.993973
-0.772906
-1.29555
-1.70077
-1.63756
-0.781184
-2.24638
-1.42809
-0.965632
-0.936776
-0.950911
-3.0087
-0.793036
-0.973602
-1.96144
-1.57133
-1.30618
-1.67323
-1.55554
-1.41287
-1.481
-1.34567
-4.29775
-1.99814
-1.82456
-2.32801
-1.75458
-1.25809
-0.768324
-1.11768
-2.17575
-2.33753
-1.55844
-0.735513
-1.47301
-1.54663
-1.85961
-1.39076
-2.37716
-2.79179
-4.00805
-1.72035
-2.17482
-1.98228
-2.33233
-0.730298
-0.852875
-1.04453
-2.40403
-1.93948
-3.37634
-1.20867
-2.61238
-2.46432
-1.36969
-1.64449
-1.54841
-2.00409
-1.00134
-0.374233
-2.17752
-2.01457
-2.19366
-1.98928
-1.62439
-2.98609
-1.22762
-1.66614
-1.42551
-0.653875
-1.9469
-2.13818
-2.07251
-1.31723
-2.04481
-2.7974
-1.72833
-1.47695
-1.13841
-2.30829
-2.36451
-3.39378
-1.71939
-1.52988
-1.8599
-1.62994
-2.34353
-0.88578
-2.62089
-2.74198
-0.843795
-0.965909
-1.8848
-1.14551
-2.26544
-1.54694
-3.21168
-1.41953
-1.9761
-2.13128
-2.70007
-1.48976
-1.50408
-1.26459
-1.33453
-1.62751
-1.08359
-3.69349
-0.731389
-1.64883
-1.4331
-2.59762
-1.205
-2.20908
-2.91661
-1.95495
-2.80189
-2.59332
-3.57742
-2.3681
-1.77667
-2.05196
-1.74172
-3.79464
-3.29777
-1.50821
-1.81843
-2.05518
-1.31663
-3.38804
-2.61968
-2.31003
-1.18784
-3.29661
-2.16388
-2.38374
-2.7911
-1.39265
-3.35178
-2.24098
-3.50397
-2.85044
-2.30745
-2.80036
-1.68557
-3.86687
-1.68663
-2.47563
-2.82148
-2.61723
-1.82846
-1.64233
-2.4726
-2.7901
-1.56383
-2.68421
-2.32885
-2.53841
-2.76104
-2.2042
-4.09888
-1.48312
-1.86324
-2.71268
-2.23173
-1.04118
-1.73558
-2.70765
-2.41064
-3.13346
-2.24561
-2.72742
-2.22391
-2.28252
-2.04513
-2.67865
-2.47696
-2.08244
-0.929949
-3.15043
-2.66438
-2.87932
-1.77688
-2.65722
-1.76345
-3.13144
-2.15796
-2.57188
-2.29112
-3.45004
-3.81667
-1.99596
-2.07452
-3.01347
-2.17223
-3.1615
-1.96268
-2.06114
-3.09374
-1.76603
-1.96185
-1.29545
-2.82292
-5.3759
-1.12661
-1.49884
-2.53165
-1.8734
-2.36466
-3.25272
-3.40267
-1.33702
-2.74798
-3.92742
-4.90373
-2.06359
-1.90561
-3.55543
-2.42443
-1.48745
-1.43948
-1.732
-1.86223
-2.09011
-2.30347
-3.27574
-1.65941
-2.05799
-2.3548
-1.56368
-4.70096
-2.38832
-2.12678
-2.08502
-1.91097
-2.01883
-1.89102
-1.97243
-2.7735
-2.15392
-2.46148
-4.41388
-2.21725
-2.16184
-2.22718
-2.35325
-2.26259
-2.65354
-1.9733
-4.17877
-3.09392
-1.62414
-1.83157
-2.97409
-2.06546
-2.25156
-2.01245
-1.16036
-1.24209
-1.56647
-2.01644
-2.77976
-2.85487
-3.25711
-2.35468
-3.91133
-2.92327
-2.41333
-1.71321
-2.54
-3.01702
-1.79395
-2.04759
-2.52064
-2.29198
-2.51932
-4.0047
-2.3859
-2.33712
-2.50662
-3.01628
-3.28023
-2.89402
-1.91595
-3.23471
-1.60935
-1.16199
-1.88079
-2.02789
-2.18674
-2.47682
-2.58052
-1.71534
-3.55381
-2.20252
-2.30159
-2.77523
-2.37813
-1.56907
-0.348591
-2.80878
-2.0407
-2.66134
-2.39954
-1.70482
-1.92158
-1.48439
-2.36889
-2.19582
-1.42936
-1.06912
-1.87628
-2.39796
-1.53604
-2.80844
-2.61042
-2.7205
-5.87106
-2.35944
-2.92096
-2.22493
-1.86863
-2.19715
-2.95974
-1.67082
-1.46685
-3.01238
-3.24622
-2.17155
-3.69366
-3.17877
-1.57922
-3.16964
-3.60982
-3.74295
-2.64398
-2.79577
-1.92293
-2.04131
-2.69767
-4.06329
-1.92854
-2.10505
-2.27569
-2.32631
-3.03209
-2.44873
-4.67707
-4.22714
-3.10997
-1.82365
-2.39873
-3.49282
-2.57524
-2.3859
-2.79488
-3.08478
-3.04908
-2.31017
-2.1869
-2.28206
-2.47425
-1.8458
-2.00239
-1.87546
-1.83097
-2.20005
-2.3174
-2.86282
-3.54868
-3.12876
-2.56196
-1.85125
-1.918
-2.81773
-3.70652
-2.67076
-3.1633
-2.76803
-0.757656
-2.77928
-2.70323
-2.1076
-2.41793
-3.80363
-2.39193
-2.5107
-2.49904
-2.30597
-2.79922
-2.95484
-1.75199
-2.60754
-3.64892
-2.1519
-2.52159
-3.66453
-1.8871
-3.9572
-3.27701
-2.75785
-1.49689
-2.22241
-2.50247
-1.27118
-1.6535
-4.75327
-2.99049
-3.37795
-3.71515
-1.66863
-2.72038
-2.00306
-3.10935
-2.14853
-2.1977
-1.97969
-3.4357
-1.86064
-2.09617
-2.54515
-2.80044
-2.65879
-1.99452
-3.12174
-2.38598
-2.40347
-2.1602
-2.36662
-2.71899
-2.95184
-2.64411
-1.63705
-1.65935
-3.1801
-3.10206
-2.54089
-3.3001
-2.02098
-3.30782
-2.13373
-3.05449
-3.60794
-3.85114
-2.50059
-4.7652
-3.00674
-2.09822
-2.13779
-2.40903
-2.70343
-3.83937
-3.65506
-1.53468
-2.81276
-1.79157
-3.5964
-2.40987
-1.6685
-2.15744
-3.96613
-2.34616
-2.4273
-4.17453
-2.28504
-1.8196
-3.221
-4.89227
-1.96875
-4.02318
-2.77375
-2.93115
-2.45963
-2.81276
-2.83445
-3.00131
-2.72735
-2.41848
-3.72813
-2.20521
-2.58811
-3.42786
-4.19469
-3.42246
-2.26066
-1.82406
-4.04447
-3.86363
-1.41717
-2.68409
-4.77285
-2.11896
-2.27293
-2.25016
-3.36065
-3.85301
-3.67728
-3.98212
-3.38381
-2.17477
-2.33926
-3.80871
-2.50626
-3.38815
-3.47649
-2.36126
-2.49513
-3.05785
-2.81078
-2.33079
-2.80017
-1.98224
-6.36854
-2.82811
-2.32413
-2.54098
-3.26168
-3.66775
-5.65313
-2.4739
-1.34572
-2.10245
-3.42615
-2.02804
-2.02511
-2.23342
-3.36239
-1.8261
-2.59536
-2.75485
-2.26454
-4.05839
-2.46843
-3.022
-1.50739
-3.01963
-2.54302
-2.97292
-3.02387
-2.37611
-2.99806
-2.12639
-2.56521
-3.08544
-2.60169
-3.65263
-1.65765
-2.18754
-2.89881
-2.00765
-2.74272
-2.35178
-2.73388
-2.40198
-2.20144
-3.42474
-2.56302
-3.33416
-2.67301
-3.8553
-3.38547
-2.30776
-4.1716
-2.98787
-3.88185
-2.6942
-3.14453
-1.8158
-4.41869
-4.5669
-3.09187
-3.64166
-6.49216
-3.18403
-2.57942
-2.8254
-3.62473
-6.55552
-2.75949
-3.37722
-2.9677
-1.49466
-2.82657
-3.5259
-2.57457
-2.88926
-4.90718
-1.17296
-4.26715
-3.93182
-2.16274
-1.84168
-2.08095
-4.05591
-3.11948
-3.53852
-2.58915
-2.00682
-3.73472
-2.17706
-1.52783
-1.27198
-2.58531
-3.2447
-2.48118
-2.15617
-2.1606
-2.20565
-2.14364
-1.83974
-3.72657
-2.10491
-2.02929
-2.99227
-3.75798
-2.30011
-3.43131
-4.91298
-3.54926
-5.25845
-3.2822
-3.88512
-3.71105
-3.57895
-3.04103
-3.28597
-2.22034
-3.22418
-3.26161
-3.74346
-1.41193
-2.26247
-3.31329
-3.09763
-3.28636
-3.83899
-4.22038
-2.44416
-6.43171
-3.85208
-3.47929
-6.03967
-2.03769
-1.91191
-3.27649
-2.44578
-2.4982
-2.70196
-4.03894
-2.55745
-2.5074
-2.96799
-1.98628
-2.3494
-4.02626
-3.77208
-1.82246
-2.08398
-4.20278
-4.46735
-3.07382
-5.28431
-3.39977
-3.34086
-3.50361
-3.41747
-2.78723
-3.29552
-3.43361
-4.58548
-2.64436
-2.15177
-2.70352
-2.73251
-3.51964
-1.7727
-2.78112
-2.65599
-2.29068
-3.49123
-2.56297
-2.10319
-3.14663
-3.0573
-2.50344
-1.38707
-2.42432
-2.85324
-5.69306
-2.6574
-2.28419
-2.50335
-3.33251
-2.99394
-2.95207
-3.35748
-2.77792
-2.63744
-2.30782
-2.75107
-2.28513
-2.25577
-1.86542
-3.15084
-5.12477
-4.10334
-3.01838
-3.26783
-2.84244
-3.639
-3.58072
-3.95947
-3.17334
-4.13291
-2.48466
-2.44458
-3.37968
-4.16559
-2.91307
-2.1053
-2.99045
-4.02207
-2.863
-2.57454
-3.61372
-3.28418
-3.27287
-3.2414
-3.98116
-5.42343
-3.25066
-4.60671
-3.29381
-2.36559
-2.18907
-2.497
-3.45237
-2.57079
-2.57876
-3.67442
-3.41024
-3.50827
-1.37598
-0.299401
-2.7493
-6.5791
-3.49305
-3.10385
-2.94139
-2.87187
-3.22815
-3.99046
-4.96048
-4.07051
-5.43728
-4.49549
-2.06254
-5.34538
-2.71213
-3.0443
-3.83156
-4.01549
-4.51919
-3.44529
-2.18431
-2.68309
-2.45749
-3.65604
-3.50689
-3.31307
-2.51757
-3.28443
-3.80634
-2.73691
-4.66329
-3.28499
-2.6405
-2.58464
-3.74146
-1.94736
-2.82957
-2.89079
-2.59926
-3.27108
-4.39521
-1.51012
-2.59213
-3.06125
-2.31891
-4.14712
-3.15635
-4.04839
-3.9967
-4.12953
-5.66832
-5.25568
-2.92428
-3.94298
-3.02785
-3.57315
-2.25892
-2.31849
-2.45879
-2.1933
-5.33531
-2.4212
-2.46797
-2.866
-3.88466
-2.69043
-3.29084
-2.66546
-2.99569
-2.71951
-2.29145
-5.10538
-5.1216
-3.28203
-2.37925
-1.47924
-2.80257
-2.22448
-3.02243
-2.33397
-4.40394
-3.36825
-3.33663
-3.5746
-4.00677
-2.84933
-3.42827
-3.20539
-3.33302
-3.49124
-3.31458
-2.54542
-3.05406
-2.39408
-2.93125
-3.49734
-2.44493
-2.0375
-5.15961
-2.73168
-3.59618
-2.85903
-3.41801
-3.96484
-2.71616
-3.25049
-2.72899
-3.25486
-2.6859
-1.75087
-3.49762
-3.84599
-3.30588
-3.55677
-3.51139
-3.5874
-2.24415
-3.5043
-2.12093
-2.84046
-3.36426
-4.68619
-2.25115
-1.79641
-4.15347
-2.70364
-3.00009
-2.78342
-3.42586
-3.62299
-2.17144
-3.00316
-2.30542
-2.44394
-3.6345
-4.47951
-2.56671
-2.84793
-4.46701
-2.22469
-3.90269
-3.40689
-2.89174
-3.36472
-2.74039
-2.53001
-2.46445
-3.05925
-2.38483
-3.66896
-2.76374
-3.29865
-3.93639
-3.65389
-4.23708
-2.96676
-3.61946
-3.01894
-3.53884
-2.22388
-2.88156
-3.28716
-2.34056
-2.58052
-3.02934
-4.70469
-2.1116
-4.1256
-2.18696
-3.80899
-2.44014
-3.33928
-2.73023
-3.85313
-4.13499
-3.07562
-3.27206
-3.20011
-2.805
-4.83916
-3.92774
-4.02072
-2.47472
-2.97926
-3.04934
-4.2402
-4.14173
-2.64395
-3.07408
-2.86991
-2.8234
-3.1735
-5.15396
-2.95655
-1.86366
-2.78508
-2.93738
-3.61776
-2.84364
-3.92875
-5.3663
-4.14313
-4.06983
-2.60274
-3.13975
-3.97363
-3.20346
-3.05833
-4.10569
