0.93
0.915
-0.05
-0.82
-0.41
-0.36
-0.25
-0.165
-0.515
-0.765
-0.585
-0.425
-0.42
-0.515
-0.71
-0.555
-0.555
-0.62
-0.57
-0.65
-0.765
-0.67
-0.905
-0.685
-0.505
-0.61
-0.82
-0.525
-0.975
-0.79
-0.595
-0.77
-0.805
-0.655
-0.675
-0.79
-0.425
-1.055
-0.945
-0.73
-0.65
-0.705
-0.635
-0.78
-0.505
-0.735
-0.675
-0.595
-0.62
-0.84
-0.715
-0.775
-0.635
-0.76
-0.555
-0.915
-0.765
-0.785
-0.77
-0.55
-0.62
-0.84
-0.565
-0.955
-0.9
-0.7
-0.64
-0.67
-0.735
-1.055
-0.785
-0.755
-0.89
-0.97
-1.045
-0.74
-0.645
-0.89
-1.055
-0.855
-0.895
-0.675
-0.835
-0.905
-0.69
-0.81
-0.8
-0.965
-0.715
-0.755
-0.905
-0.895
-0.63
-0.67
-0.675
-0.885
-0.83
-0.92
-0.825
-0.905
-0.91
-0.715
-0.72
-0.835
-0.86
-0.79
-0.92
-0.715
-0.98
-0.815
-0.7
-0.835
-0.985
-0.765
-0.815
-0.99
-0.705
-0.96
-0.695
-0.775
-0.585
-0.75
-1.075
-0.8
-0.845
-0.805
-0.865
-0.805
-1.075
-0.735
-0.945
-0.77
-0.855
-0.825
-0.76
-0.805
-0.76
-0.71
-0.675
-1.21
-0.77
-0.825
-0.905
-0.785
-0.62
-0.795
-1.065
-0.97
-0.935
-0.675
-0.835
-0.87
-0.73
-0.77
-1.07
-0.8
-0.825
-0.65
-0.81
-0.94
-0.69
-0.935
-0.76
-1.02
-1.005
-0.995
-1.125
-0.74
-0.96
-0.855
-1.145
-0.945
-0.835
-1.08
-1.06
-0.785
-0.985
-0.885
-0.93
-0.665
-1.075
-0.835
-1.005
-1.105
-0.63
-1.1
-1.01
-1.09
-1.07
-0.675
-1.06
-0.845
-1.16
-0.775
-0.86
-0.835
-1.03
-0.795
-1.115
-1.055
-0.96
-1.035
-0.825
-0.965
-0.835
-1.06
-0.745
-1.335
-0.71
-0.855
-0.795
-1.21
-0.75
-1.015
-1.105
-0.815
-1.14
-0.975
-0.89
-0.82
-1.005
-0.895
-0.755
-0.85
-0.92
-0.85
-0.85
-0.92
-1.175
-0.77
-1.19
-0.83
-1.035
-0.9
-1.025
-0.82
-1.215
-0.775
-0.865
-0.81
-1.265
-0.74
-0.965
-0.755
-0.825
-1.09
-0.915
-1.01
-0.84
-0.875
-1.14
-1.02
-0.84
-0.935
-0.705
-1.09
-1.165
-1.105
-0.73
-0.97
-1.135
-1.27
-0.84
-0.845
-0.89
-0.725
-0.63
-0.605
-0.55
-0.68
-0.975
-1.005
-1.16
-1.13
-0.885
-0.87
-0.865
-1.345
-0.915
-0.785
-1.02
-0.995
-0.96
-1.06
-0.8
-0.795
-0.77
-0.96
-1.26
-0.965
-0.98
-1.08
-0.985
-1.07
-0.775
-0.88
-1.385
-0.97
-1.025
-0.79
-1.03
-0.88
-0.925
-0.99
-0.87
-0.815
-0.71
-0.77
-0.835
-1.09
-1.035
-0.81
-0.985
-0.95
-0.935
-1.22
-1.015
-1.08
-1.005
-0.925
-0.785
-0.93
-0.91
-1.115
-1.025
-0.77
-1.095
-0.995
-1.215
-1.04
-0.725
-0.97
-0.725
-0.885
-0.875
-0.815
-0.88
-0.86
-0.895
-0.96
-1.04
-1.105
-1.17
-0.995
-1.04
-0.785
-0.925
-0.885
-0.965
-0.92
-0.935
-0.885
-0.89
-0.83
-0.93
-0.94
-1.045
-0.79
-1.08
-0.99
-1.03
-0.945
-1.04
-1.01
-1.1
-1.095
-0.84
-0.805
-0.785
-0.655
-1.09
-0.91
-0.895
-1.055
-1.105
-0.755
-0.925
-1.19
-0.715
-0.87
-1.11
-0.915
-1.035
-1.025
-0.98
-1.02
-0.925
-1.145
-0.92
-0.88
-0.715
-0.825
-0.955
-0.96
-1.235
-1.16
-0.835
-0.975
-0.855
-1.095
-0.98
-0.945
-0.865
-1.195
-0.795
-0.925
-1.02
-0.795
-0.955
-0.715
-0.975
-0.885
-1.045
-0.87
-1.025
-0.94
-1.16
-1.095
-1.1
-0.78
-0.82
-1.005
-1.015
-0.825
-0.965
-0.94
-1.1
-1.055
-0.79
-0.86
-0.81
-1.04
-0.955
-0.91
-1.095
-0.92
-0.95
-1.17
-1.07
-1.09
-0.915
-1.025
-1.02
-1.16
-1.075
-1.31
-1.06
-1.04
-0.545
-1.045
-0.895
-0.605
-0.795
-1.205
-0.875
-1.095
-0.995
-0.96
-0.945
-0.86
-0.855
-1.045
-0.745
-0.765
-0.985
-0.72
-0.93
-1.005
-0.985
-0.91
-0.935
-0.995
-1.005
-1.07
-0.86
-0.8
-0.94
-1.14
-0.84
-0.785
-0.94
-1.04
-1.135
-1.005
-1.03
-0.765
-0.89
-1.155
-1.015
-0.985
-0.975
-0.97
-1.215
-1.11
-1.12
-0.835
-1.11
-1.025
-1.285
-0.99
-0.625
-0.935
-0.805
-1.04
-0.95
-0.805
-0.99
-1.065
-0.825
-1.115
-1.32
-1.075
-0.8
-1.07
-1.26
-1.005
-1.195
-1.09
-1.055
-0.985
-0.87
-0.885
-0.975
-1.045
-0.95
-1.075
-0.995
-0.945
-1.05
-1.005
-0.965
-1.045
-0.995
-1.22
-1.07
-1.0
-0.785
-1.135
-0.845
-0.925
-0.92
-1.0
-1.215
-0.845
-1.06
-0.995
-0.805
-0.815
-0.965
-0.82
-0.95
-1.01
-1.135
-0.925
-1.13
-1.15
-0.875
-0.87
-1.01
-1.345
-0.8
-0.78
-0.8
-0.98
-1.175
-1.25
-0.89
-1.0
-1.09
-1.11
-0.94
-1.08
-1.01
-1.06
-0.705
-0.97
-0.935
-0.7
-1.09
-1.005
-0.9
-0.65
-1.13
-1.04
-0.875
-1.045
-0.885
-1.16
-0.625
-0.74
-0.88
-1.055
-1.13
-0.95
-0.89
-0.895
-0.965
-1.01
-0.995
-0.955
-1.055
-1.145
-1.105
-0.975
-1.04
-0.995
-1.24
-0.835
-0.77
-1.16
-1.155
-1.11
-0.96
-0.84
-1.07
-0.98
-1.12
-1.13
-0.9
-1.3
-1.1
-0.9
-0.87
-1.145
-1.21
-1.22
-0.975
-0.945
-0.7
-0.83
-1.09
-0.93
-0.93
-1.13
-1.15
-1.155
-1.035
-0.775
-0.77
-0.875
-0.985
-0.895
-1.055
-0.825
-0.885
-1.185
-1.0
-0.975
-0.79
-1.115
-1.015
-0.935
-0.915
-0.965
-0.945
-0.93
-1.115
-1.18
-0.85
-0.785
-0.81
-0.935
-1.075
-1.195
-1.29
-0.965
-1.2
-1.12
-1.11
-0.945
-1.105
-1.05
-1.03
-0.67
-1.22
-1.05
-1.17
-1.065
-0.97
-1.04
-1.075
-0.97
-1.07
-1.37
-0.965
-1.28
-0.99
-1.145
-1.14
-0.95
-0.62
-1.11
-0.8
-0.935
-0.97
-0.97
-1.005
-1.2
-0.99
-0.88
-0.88
-1.04
-1.12
-0.94
-1.005
-1.25
-1.08
-1.135
-1.175
-1.16
-0.975
-1.145
-1.01
-0.915
-1.04
-1.175
-1.13
-1.065
-0.9
-0.77
-1.09
-0.945
-0.965
-0.99
-1.07
-0.99
-1.08
-1.1
-0.825
-1.12
-0.95
-0.94
-0.98
-0.9
-0.97
-1.09
-0.91
-1.07
-0.825
-0.985
-1.18
-0.84
-1.295
-0.75
-0.855
-0.895
-0.935
-1.12
-0.875
-1.13
-1.075
-1.195
-1.01
-1.005
-1.08
-0.92
-1.025
-1.08
-1.085
-1.115
-1.01
-1.17
-0.75
-1.185
-1.06
-1.195
-0.99
-1.12
-1.065
-0.93
-1.125
-1.275
-0.925
-1.14
-1.02
-1.1
-1.25
-1.175
-1.27
-1.115
-0.965
-0.85
-0.965
-0.94
-0.785
-1.115
-1.2
-1.01
-1.085
-0.82
-0.905
-0.85
-1.22
-1.18
-0.93
-1.15
-1.025
-0.88
-1.035
-1.28
-1.235
-1.245
-1.16
-0.89
-1.15
-1.14
-1.03
-1.355
-1.15
-1.245
-1.175
-0.905
-1.055
-0.91
-1.185
-0.945
-1.195
-1.015
-1.25
-1.195
-1.11
-1.18
-1.065
-0.9
-1.11
-1.12
-0.985
-0.96
-0.9
-1.095
-0.975
-1.185
-1.015
-0.965
-1.075
-0.86
-1.035
-1.03
-0.96
-1.185
-1.2
-1.19
-1.295
-1.065
-1.01
-0.94
-1.085
-1.175
-0.9
-1.04
-0.84
-1.31
-1.01
-0.845
-0.73
-1.125
-0.96
-1.065
-0.92
-0.935
-1.09
-0.925
-1.33
-1.185
-1.095
-1.025
-1.025
-1.115
-0.85
-1.09
-0.935
-1.17
-1.185
-1.03
-1.055
-1.225
-0.885
-0.865
-1.005
-1.165
-1.12
-1.155
-1.21
-1.0
-1.095
-1.14
-1.35
-0.8
-0.86
-1.25
-1.14
-1.09
-0.735
-1.28
-1.04
-0.925
-1.395
-0.745
-1.11
-1.065
-0.885
-1.195
-1.055
-1.09
-1.03
-0.835
-1.2
-0.99
-0.985
-0.885
-1.155
-1.085
-1.16
-0.865
-0.96
-1.165
-0.945
-1.035
-0.88
-1.15
-1.15
-1.095
-1.02
-1.26
-1.17
-1.02
-1.22
-0.995
-0.73
-1.19
-1.03
-1.25
-1.08
-1.125
-1.145
-0.91
-0.86
-0.835
-1.085
-1.035
-1.17
-0.755
-1.26
-0.97
-1.175
-1.325
-1.31
-1.095
-0.895
-0.935
-0.94
-1.105
-0.99
-1.075
-0.965
-0.955
-1.11
-1.23
-1.24
-1.065
-1.105
-0.96
-1.005
-0.825
-1.05
-1.145
-1.19
-1.055
-1.0
-0.985
-1.185
-1.07
-1.18
-0.96
-1.035
-1.025
-1.085
-1.25
-1.095
-1.19
-0.935
-1.07
-1.18
-1.2
-1.21
-0.765
-1.125
-1.15
-1.095
-0.96
-1.115
-1.24
-1.02
-1.265
-0.95
-1.08
-1.065
-0.8
-1.17
-1.23
